n = 100
5,775
5,737
6,403
7,137
7,700
5,932
6,111

n = 500
489,134
488,401
491,087
487,868
482,513
486,071
494,923

n = 1000
1471486
1477568
1487142
1460617
1472865
1478824
1464327

n = 2000
13,163,803
13207603
13170300
13166677
13163115
13175075
13161129

n = 3000
41194560
42935728
41983620
43027009
43291875
43008577
42391283

n = 4000
119817415
118572418
120227770
123655661
119115244
120185723
118048391


n = 5000
118338878
119082935
122288179
118879225
119124517
119185530
118136146

n = 6000
357423800
355557032
357373958
356779749
355985994
356140766
357824030